f
0.0 0.0 0.0 0.0 0.0 0.0 0.25
0.0 0.0 0.0 0.0 0.0 0.0 0.25
0.0 0.0 0.0 0.0 0.0 0.0 0.25
0.0 0.0 0.0 0.0 0.0 0.0 0.25

54
0.0 0.0 0.0 0.0 0.0 0.0 0.25
0.0 0.0 0.0 0.0 0.0 0.0 0.25
0.0 0.0 0.0 0.0 0.0 0.0 0.25
0.0 0.0 0.0 0.0 0.0 0.0 0.25

7
0.0 0.0 0.0 0.0 0.0 0.0 0.25
0.0 0.0 0.0 0.0 0.0 0.0 0.25
0.0 0.0 0.0 0.0 0.0 0.0 0.25
0.0 0.0 0.0 0.0 0.0 0.0 0.25

trg
0.0 0.0 0.0 0.0 0.0 0.0 0.25
0.0 0.0 0.0 0.0 0.0 0.0 0.25
0.0 0.0 0.0 0.0 0.0 0.0 0.25
0.0 0.0 0.0 0.0 0.0 0.0 0.25

j
0.0 0.0 0.0 0.0 0.0 0.0 0.25
0.0 0.0 0.0 0.0 0.0 0.0 0.25
0.0 0.0 0.0 0.0 0.0 0.0 0.25
0.0 0.0 0.0 0.0 0.0 0.0 0.25
colorIsSpecified
32768.0 32768.0 32768.0 32768.0

